100 0.774692 0.000419571 
200 0.823687 0.00120989 
300 0.904565 0.000932281 
400 0.953425 0.000668287 
500 0.977952 0.000465381 
100 0.878834 0.000327716 
200 0.828081 0.00119762 
300 0.871838 0.00106046 
400 0.91408 0.000888594 
500 0.943708 0.000730496 
100 0.884569 0.00319445 
200 0.75075 0.00432449 
300 0.718753 0.00449405 
400 0.738041 0.00439415 
500 0.785144 0.00410394 
100 0.899171 0.00300997 
200 0.758817 0.00427609 
300 0.684542 0.00464373 
400 0.685771 0.0046386 
500 0.728435 0.00444412 
